Class0 = [[15,16],[15,17],...
  [16,15],[16,16],[16,17],[16,18],...
  [17,15],[17,16],[17,17],[17,18],...
          [18,16],[18,17]];

Class1 = [[10,16],[10,17],...
  [11,15],[11,16],[11,17],[11,18],...
  [12,15],[12,16],[12,17],[12,18],...
          [13,16],[13,17];
          
          [20,16],[20,17],...
  [21,15],[21,16],[21,17],[21,18],...
  [22,15],[22,16],[22,17],[22,18],...
          [23,16],[23,17];
          
          [15,10],[15,11],...
   [16,9],[16,10],[16,11],[16,12],...
   [17,9],[17,10],[17,11],[17,12],...
          [18,10],[18,11];
          
          [15,22],[15,23],...
  [16,21],[16,22],[16,23],[16,24],...
  [17,21],[17,22],[17,23],[17,24],...
          [18,22],[18,23]];
      
Class2 =  [[5,16],[5,17],...
  [6,15],[6,16],[6,17],[6,18],...
  [7,15],[7,16],[7,17],[7,18],...
          [8,16],[8,17];
          
          [25,16],[25,17],...
  [26,15],[26,16],[26,17],[26,18],...
  [27,15],[27,16],[27,17],[27,18],...
          [28,16],[28,17];
          
          [15,4],[15,5],...
   [16,3],[16,4],[16,5],[16,6],...
   [17,3],[17,4],[17,5],[17,6],...
          [18,4],[18,5];
          
          [15,28],[15,29],...
  [16,27],[16,28],[16,29],[16,30],...
  [17,27],[17,28],[17,29],[17,30],...
          [18,28],[18,29];
          
          [7,10],[7,11],...
   [8,9],[8,10],[8,11],[8,12],...
   [9,9],[9,10],[9,11],[9,12],...
          [10,10],[10,11];
          
          [7,22],[7,23],...
   [8,21],[8,22],[8,23],[8,24],...
   [9,21],[9,22],[9,23],[9,24],...
          [10,22],[10,23];
          
          [23,10],[23,11],...
   [24,9],[24,10],[24,11],[24,12],...
   [25,9],[25,10],[25,11],[25,12],...
          [26,10],[26,11];
          
          [23,22],[23,23],...
   [24,21],[24,22],[24,23],[24,24],...
   [25,21],[25,22],[25,23],[25,24],...
          [26,22],[26,23];
          
           [11,7],[11,8],...
    [12,6],[12,7],[12,8],[12,9],...
    [13,6],[13,7],[13,8],[13,9],...
          [14,7],[14,8];
          
           [11,25],[11,26],...
   [12,24],[12,25],[12,26],[12,27],...
   [13,24],[13,25],[13,26],[13,27],...
           [14,25],[14,26];
           
           [19,7],[19,8],...
    [20,6],[20,7],[20,8],[20,9],...
    [21,6],[21,7],[21,8],[21,9],...
          [22,7],[22,8];
          
           [19,25],[19,26],...
   [20,24],[20,25],[20,26],[20,27],...
   [21,24],[21,25],[21,26],[21,27],...
           [22,25],[22,26]];
       
Class3 = [       [3,16],[3,17],...
          [1,15],[1,16],[1,17],[1,18],...
          [2,15],[2,16],[2,17],[2,18],...
                 [3,16],[3,17];
                 
                 [2,10],[2,11],...
          [1,9],[1,10],[1,11],[1,12],...       
          [1,9],[1,10],[1,11],[1,12],...
                [2,10],[2,11];
                
                 [2,22],[2,23],...
          [1,21],[1,22],[1,23],[1,24],...      
          [1,21],[1,22],[1,23],[1,24],...
                 [2,22],[2,23];
                
                [3,7],[3,8],...
          [4,6],[4,7],[4,8],[4,9],...
          [5,6],[5,7],[5,8],[5,9],...
                [6,7],[6,8];
            
                [3,25],[3,26],...
          [4,24],[4,25],[4,26],[4,27],...
          [5,24],[5,25],[5,26],[5,27],...
                [6,25],[6,26];
                
                [7,4],[7,5],...
          [8,3],[8,4],[8,5],[8,6],...
          [9,3],[9,4],[9,5],[9,6],...
                [10,4],[10,5];
            
                [7,28],[7,29],...
          [8,27],[8,28],[8,29],[8,30],...
          [9,27],[9,28],[9,29],[9,30],...
                [10,28],[10,29];
                
                [11,1],[11,2],...
         [12,3],[12,1],[12,2],[12,3],...
         [12,3],[13,1],[13,2],[13,3],...
                [14,1],[14,2];
            
                 [11,31],[11,32],...
         [12,30],[12,31],[12,32],[12,32],...
         [13,30],[13,31],[13,32],[13,32],...
                 [14,31],[14,32];
                 
                [19,1],[19,2],...
         [20,1],[20,1],[20,2],[20,3],...
         [21,1],[21,1],[21,2],[21,3],...
                [22,1],[22,2];
            
                 [19,31],[19,32],...
         [20,30],[20,31],[20,32],[20,32],...
         [21,30],[21,31],[21,32],[21,32],...
                 [22,31],[22,32];
                 
                 [23,4],[23,5],...
          [24,3],[24,4],[24,5],[24,6],...
          [25,3],[25,4],[25,5],[25,6],...
                 [26,4],[26,5];
            
                 [23,28],[23,29],...
          [24,27],[24,28],[24,29],[24,30],...
          [25,27],[25,28],[25,29],[25,30],...
                 [26,28],[26,29];
                 
                   [27,7],[27,8],...
            [28,6],[28,7],[28,8],[28,9],...
            [29,6],[29,7],[29,8],[29,9],...
                   [30,7],[30,8];
            
                  [27,25],[27,26],...
          [28,24],[28,25],[28,26],[28,27],...
          [29,24],[29,25],[29,26],[29,27],...
                  [30,25],[30,26];
                  
                  [30,16],[30,17],...
          [32,15],[32,16],[32,17],[32,18],...
          [31,15],[31,16],[31,17],[31,18],...
                  [30,16],[30,17];
                 
                 [31,10],[31,11],...
          [32,9],[32,10],[32,11],[32,12],...
          [32,9],[32,10],[32,11],[32,12],...
                 [31,10],[31,11];
                 
                  [31,22],[31,23],...
          [32,21],[32,22],[32,23],[32,24],...      
          [32,21],[32,22],[32,23],[32,24],...
                 [31,22],[31,23]];
             
Class4 = [ [1,3],[1,4],[1,5],[1,6];
           [1,27],[1,28],[1,29],[1,30];
           [2,4],[2,5],[2,28],[2,29];
           
           [3,1],[4,1],[5,1],[6,1];
           [3,2],[4,2],[5,2],[6,2];
           [4,3],[5,3],[4,30],[5,30];
           [3,31],[4,31],[5,31],[6,31];
           [3,32],[4,32],[5,32],[6,32];
           
           [32,3],[32,4],[32,5],[32,6];
           [32,27],[32,28],[32,29],[32,30];
           [31,4],[31,5],[31,28],[31,29];
           
           [27,1],[28,1],[29,1],[30,1];
           [27,2],[28,2],[29,2],[30,2];
           [28,3],[29,3],[28,30],[29,30];
           [27,31],[28,31],[29,31],[30,31];
           [27,32],[28,32],[29,32],[30,32]];
                 
                 
                      
           
          
          
          
          
          
            